<?xml version="1.0" encoding="utf-8"?>
<COLLADA xmlns="http://www.collada.org/2005/11/COLLADASchema" version="1.4.1">
  <asset><contributor><author>Mixamo</author><authoring_tool>COLLADA Mixamo exporter</authoring_tool><comments></comments></contributor><created>2019-09-10T16:47:46Z</created><modified>2019-09-10T16:47:46Z</modified><revision></revision><title></title><unit meter="0.010000"/><up_axis>Y_UP</up_axis></asset>
  <library_animations>
    <animation id="Hips-anim" name="Hips"><source id="Hips-Matrix-animation-input"><float_array id="Hips-Matrix-animation-input-array" count="168">

0.000000 0.033333 0.066667 0.100000 0.133333 0.166667 0.200000 0.233333 0.266667 0.300000 0.333333 0.366667 0.400000 0.433333 0.466667 0.500000
0.533333 0.566667 0.600000 0.633333 0.666667 0.700000 0.733333 0.766667 0.800000 0.833333 0.866667 0.900000 0.933333 0.966667 1.000000 1.033333
1.066667 1.100000 1.133333 1.166667 1.200000 1.233333 1.266667 1.300000 1.333333 1.366667 1.400000 1.433333 1.466667 1.500000 1.533333 1.566667
1.600000 1.633333 1.666667 1.700000 1.733333 1.766667 1.800000 1.833333 1.866667 1.900000 1.933333 1.966667 2.000000 2.033333 2.066667 2.100000
2.133333 2.166667 2.200000 2.233333 2.266667 2.300000 2.333333 2.366667 2.400000 2.433333 2.466667 2.500000 2.533333 2.566667 2.600000 2.633333
2.666667 2.700000 2.733333 2.766667 2.800000 2.833333 2.866667 2.900000 2.933333 2.966667 3.000000 3.033333 3.066667 3.100000 3.133333 3.166667
3.200000 3.233333 3.266667 3.300000 3.333333 3.366667 3.400000 3.433333 3.466667 3.500000 3.533333 3.566667 3.600000 3.633333 3.666667 3.700000
3.733333 3.766667 3.800000 3.833333 3.866667 3.900000 3.933333 3.966667 4.000000 4.033333 4.066667 4.100000 4.133333 4.166667 4.200000 4.233333
4.266667 4.300000 4.333333 4.366667 4.400000 4.433333 4.466667 4.500000 4.533333 4.566667 4.600000 4.633333 4.666667 4.700000 4.733333 4.766667
4.800000 4.833333 4.866667 4.900000 4.933333 4.966667 5.000000 5.033333 5.066667 5.100000 5.133333 5.166667 5.200000 5.233333 5.266667 5.300000
5.333333 5.366667 5.400000 5.433333 5.466667 5.500000 5.533333 5.566667</float_array><technique_common><accessor source="#Hips-Matrix-animation-input-array" count="168"><param name="TIME" type="float"/></accessor></technique_common></source><source id="Hips-Matrix-animation-output-transform"><float_array id="Hips-Matrix-animation-output-transform-array" count="2688">

0.726231 0.044206 -0.686028 -0.452209 0.006932 0.997409 0.071610 88.710762 0.687416 -0.056761 0.724043 0.763244 0.000000 0.000000 0.000000 1.000000
0.726902 0.045757 -0.685215 -0.396489 0.006069 0.997311 0.073036 88.672203 0.686714 -0.057248 0.724670 0.657700 0.000000 0.000000 0.000000 1.000000
0.727478 0.047103 -0.684513 -0.355753 0.005306 0.997225 0.074260 88.632355 0.686111 -0.057654 0.725209 0.544462 0.000000 0.000000 0.000000 1.000000
0.727970 0.048308 -0.683905 -0.319561 0.004573 0.997150 0.075303 88.593521 0.685594 -0.057946 0.725674 0.462293 0.000000 0.000000 0.000000 1.000000
0.728375 0.049355 -0.683398 -0.287846 0.003891 0.997088 0.076157 88.555923 0.685167 -0.058130 0.726063 0.396675 0.000000 0.000000 0.000000 1.000000
0.728690 0.050211 -0.683001 -0.259518 0.003298 0.997040 0.076816 88.519470 0.684836 -0.058228 0.726367 0.340857 0.000000 0.000000 0.000000 1.000000
0.728895 0.050787 -0.682739 -0.233927 0.002891 0.997007 0.077252 88.481918 0.684619 -0.058282 0.726567 0.283959 0.000000 0.000000 0.000000 1.000000
0.728995 0.051063 -0.682612 -0.209980 0.002695 0.996992 0.077459 88.440628 0.684514 -0.058307 0.726664 0.227056 0.000000 0.000000 0.000000 1.000000
0.729014 0.051113 -0.682587 -0.199370 0.002668 0.996988 0.077505 88.419380 0.684493 -0.058323 0.726683 0.204705 0.000000 0.000000 0.000000 1.000000
0.729014 0.051119 -0.682587 -0.200112 0.002667 0.996988 0.077513 88.420868 0.684493 -0.058328 0.726682 0.206337 0.000000 0.000000 0.000000 1.000000
0.729164 0.051144 -0.682425 -0.199392 0.002544 0.996994 0.077438 88.419579 0.684334 -0.058201 0.726842 0.206006 0.000000 0.000000 0.000000 1.000000
0.731505 0.051503 -0.679888 -0.175611 0.000428 0.997108 0.075994 88.376724 0.681836 -0.055881 0.729367 0.192670 0.000000 0.000000 0.000000 1.000000
0.733322 0.051813 -0.677905 -0.136252 -0.002017 0.997253 0.074040 88.318634 0.679879 -0.052928 0.731412 0.190461 0.000000 0.000000 0.000000 1.000000
0.734784 0.052124 -0.676295 -0.077481 -0.004792 0.997417 0.071668 88.247864 0.678284 -0.049420 0.733136 0.205078 0.000000 0.000000 0.000000 1.000000
0.736113 0.052507 -0.674819 0.005113 -0.007807 0.997579 0.069105 88.163689 0.676813 -0.045600 0.734741 0.244137 0.000000 0.000000 0.000000 1.000000
0.737548 0.052804 -0.673227 0.116268 -0.011298 0.997764 0.065881 88.066635 0.675200 -0.040985 0.736495 0.320265 0.000000 0.000000 0.000000 1.000000
0.739437 0.052734 -0.671157 0.238387 -0.014856 0.997963 0.062043 87.964111 0.673062 -0.035906 0.738714 0.433880 0.000000 0.000000 0.000000 1.000000
0.741436 0.052414 -0.668974 0.371133 -0.018554 0.998165 0.057642 87.864899 0.670767 -0.030326 0.741048 0.606011 0.000000 0.000000 0.000000 1.000000
0.743178 0.051712 -0.667093 0.506900 -0.021926 0.998356 0.052963 87.772842 0.668735 -0.024734 0.743089 0.828228 0.000000 0.000000 0.000000 1.000000
0.745078 0.050320 -0.665076 0.655439 -0.025093 0.998559 0.047440 87.694000 0.666505 -0.018658 0.745267 1.104288 0.000000 0.000000 0.000000 1.000000
0.746849 0.048567 -0.663218 0.823241 -0.028260 0.998747 0.041313 87.630417 0.664393 -0.012112 0.747285 1.452132 0.000000 0.000000 0.000000 1.000000
0.748433 0.046404 -0.661585 1.006434 -0.031188 0.998908 0.034782 87.576874 0.662477 -0.005399 0.749063 1.842584 0.000000 0.000000 0.000000 1.000000
0.749694 0.043895 -0.660327 1.224037 -0.033911 0.999035 0.027910 87.528603 0.660915 0.001468 0.750459 2.296968 0.000000 0.000000 0.000000 1.000000
0.750629 0.040971 -0.659452 1.465695 -0.036569 0.999122 0.020450 87.482864 0.659711 0.008765 0.751468 2.797906 0.000000 0.000000 0.000000 1.000000
0.750829 0.038096 -0.659397 1.733597 -0.039481 0.999139 0.012769 87.450615 0.659315 0.016446 0.751687 3.348493 0.000000 0.000000 0.000000 1.000000
0.749273 0.035085 -0.661331 2.044007 -0.043132 0.999061 0.004134 87.455017 0.660855 0.025428 0.750083 3.955214 0.000000 0.000000 0.000000 1.000000
0.746940 0.033087 -0.664068 2.347965 -0.047162 0.998882 -0.003279 87.489960 0.663217 0.033768 0.747665 4.603689 0.000000 0.000000 0.000000 1.000000
0.741688 0.030063 -0.670071 2.715289 -0.050709 0.998649 -0.011323 87.597038 0.668825 0.042377 0.742211 5.329257 0.000000 0.000000 0.000000 1.000000
0.739506 0.028485 -0.672547 3.057774 -0.054831 0.998333 -0.018007 87.719719 0.670913 0.050192 0.739835 6.094409 0.000000 0.000000 0.000000 1.000000
0.734546 0.024630 -0.678112 3.436738 -0.059591 0.997821 -0.028309 87.906631 0.675938 0.061204 0.734413 6.885476 0.000000 0.000000 0.000000 1.000000
0.727938 0.020087 -0.685348 3.825972 -0.065772 0.997007 -0.040638 88.139740 0.682481 0.074659 0.727081 7.680089 0.000000 0.000000 0.000000 1.000000
0.721060 0.016737 -0.692671 4.200825 -0.072652 0.996024 -0.051563 88.387543 0.689054 0.087504 0.719408 8.441487 0.000000 0.000000 0.000000 1.000000
0.712069 0.013777 -0.701974 4.610101 -0.079508 0.994958 -0.061124 88.682602 0.697593 0.099337 0.709575 9.244275 0.000000 0.000000 0.000000 1.000000
0.702361 0.012784 -0.711706 4.968022 -0.086385 0.993980 -0.067395 88.973465 0.706560 0.108816 0.699237 9.998514 0.000000 0.000000 0.000000 1.000000
0.691720 0.011686 -0.722071 5.323751 -0.094047 0.992812 -0.074026 89.259857 0.716016 0.119114 0.687847 10.715555 0.000000 0.000000 0.000000 1.000000
0.683231 0.011583 -0.730111 5.642836 -0.101697 0.991639 -0.079436 89.532684 0.723086 0.128523 0.678696 11.381005 0.000000 0.000000 0.000000 1.000000
0.676966 0.012135 -0.735914 5.932339 -0.108995 0.990493 -0.083932 89.778610 0.727899 0.137030 0.671853 11.993558 0.000000 0.000000 0.000000 1.000000
0.670126 0.012897 -0.742136 6.234147 -0.116555 0.989273 -0.088054 90.035797 0.733039 0.145507 0.664441 12.608659 0.000000 0.000000 0.000000 1.000000
0.663137 0.013551 -0.748375 6.498764 -0.123006 0.988216 -0.091102 90.254364 0.738322 0.152468 0.656989 13.159133 0.000000 0.000000 0.000000 1.000000
0.655860 0.014788 -0.754738 6.727153 -0.128813 0.987337 -0.092591 90.452759 0.743811 0.157947 0.649459 13.703217 0.000000 0.000000 0.000000 1.000000
0.649031 0.016478 -0.760584 6.900593 -0.133952 0.986621 -0.092931 90.596672 0.748877 0.162197 0.642554 14.195580 0.000000 0.000000 0.000000 1.000000
0.643110 0.017934 -0.765564 7.019662 -0.138630 0.985934 -0.093359 90.689507 0.753121 0.166170 0.636550 14.654510 0.000000 0.000000 0.000000 1.000000
0.637021 0.019454 -0.770601 7.117036 -0.143759 0.985141 -0.093969 90.770210 0.757323 0.170641 0.630352 15.110354 0.000000 0.000000 0.000000 1.000000
0.631714 0.020779 -0.774923 7.160783 -0.148219 0.984436 -0.094430 90.795387 0.760900 0.174511 0.624961 15.499778 0.000000 0.000000 0.000000 1.000000
0.625872 0.020385 -0.779659 7.185068 -0.151457 0.983805 -0.095860 90.774567 0.765079 0.178081 0.618823 15.852429 0.000000 0.000000 0.000000 1.000000
0.620022 0.019271 -0.784348 7.201909 -0.154009 0.983239 -0.097585 90.750694 0.769321 0.181301 0.612597 16.190685 0.000000 0.000000 0.000000 1.000000
0.614723 0.017927 -0.788539 7.212512 -0.156503 0.982636 -0.099666 90.742973 0.773060 0.184676 0.606855 16.550510 0.000000 0.000000 0.000000 1.000000
0.609767 0.017202 -0.792394 7.218063 -0.159772 0.981908 -0.101633 90.800262 0.776310 0.188575 0.601484 16.959648 0.000000 0.000000 0.000000 1.000000
0.605770 0.016668 -0.795465 7.208951 -0.161856 0.981457 -0.102692 90.840698 0.779003 0.190959 0.597235 17.343815 0.000000 0.000000 0.000000 1.000000
0.602092 0.015287 -0.798280 7.174931 -0.162281 0.981290 -0.103607 90.841667 0.781761 0.191926 0.593308 17.701370 0.000000 0.000000 0.000000 1.000000
0.599551 0.014366 -0.800207 7.112717 -0.162155 0.981282 -0.103877 90.805916 0.783737 0.192037 0.590659 18.013399 0.000000 0.000000 0.000000 1.000000
0.598108 0.013245 -0.801306 7.010352 -0.161162 0.981425 -0.104072 90.674110 0.785043 0.191386 0.589133 18.277231 0.000000 0.000000 0.000000 1.000000
0.597566 0.013731 -0.801702 6.903372 -0.162050 0.981289 -0.103980 90.624413 0.785274 0.192051 0.588610 18.578112 0.000000 0.000000 0.000000 1.000000
0.597618 0.014991 -0.801641 6.831903 -0.163528 0.981088 -0.103562 90.624596 0.784928 0.192981 0.588767 18.881233 0.000000 0.000000 0.000000 1.000000
0.596396 0.015088 -0.802549 6.815063 -0.163162 0.981229 -0.102802 90.577629 0.785933 0.192256 0.587663 19.174089 0.000000 0.000000 0.000000 1.000000
0.592823 0.014985 -0.805193 6.806413 -0.164366 0.981032 -0.102757 90.576782 0.788381 0.193264 0.584042 19.476091 0.000000 0.000000 0.000000 1.000000
0.587190 0.015556 -0.809300 6.780028 -0.166180 0.980835 -0.101719 90.629860 0.792207 0.194218 0.578521 19.824396 0.000000 0.000000 0.000000 1.000000
0.580244 0.014612 -0.814312 6.797932 -0.167003 0.980728 -0.101401 90.661545 0.797137 0.194829 0.571502 20.167919 0.000000 0.000000 0.000000 1.000000
0.571790 0.013428 -0.820290 6.869656 -0.169732 0.980170 -0.102267 90.779442 0.802651 0.197705 0.562730 20.569332 0.000000 0.000000 0.000000 1.000000
0.560489 0.010944 -0.828090 6.993446 -0.172793 0.979451 -0.104010 90.953117 0.809935 0.201384 0.550862 21.025404 0.000000 0.000000 0.000000 1.000000
0.547679 0.007527 -0.836655 7.154001 -0.175920 0.978643 -0.106353 91.173386 0.817985 0.205432 0.537306 21.468189 0.000000 0.000000 0.000000 1.000000
0.531617 0.003197 -0.846979 7.354589 -0.179505 0.977702 -0.108978 91.401154 0.827745 0.209972 0.520337 21.885742 0.000000 0.000000 0.000000 1.000000
0.514428 -0.001106 -0.857533 7.571981 -0.181826 0.977121 -0.110336 91.610062 0.838035 0.212682 0.502457 22.227028 0.000000 0.000000 0.000000 1.000000
0.499123 -0.004576 -0.866519 7.820871 -0.184226 0.976565 -0.111273 91.837921 0.846721 0.215174 0.486583 22.496195 0.000000 0.000000 0.000000 1.000000
0.487627 -0.006898 -0.873025 8.064538 -0.186114 0.976162 -0.111666 92.081657 0.852984 0.216933 0.474720 22.705746 0.000000 0.000000 0.000000 1.000000
0.482727 -0.007639 -0.875738 8.238256 -0.187365 0.975908 -0.111793 92.291985 0.855494 0.218048 0.469666 22.841253 0.000000 0.000000 0.000000 1.000000
0.483465 -0.008799 -0.875319 8.364794 -0.187532 0.975692 -0.113388 92.410034 0.855040 0.218969 0.470063 22.904955 0.000000 0.000000 0.000000 1.000000
0.487365 -0.010673 -0.873133 8.440903 -0.185325 0.975881 -0.115373 92.407776 0.853306 0.218042 0.473632 22.899242 0.000000 0.000000 0.000000 1.000000
0.491662 -0.012132 -0.870702 8.472406 -0.182296 0.976313 -0.116541 92.321655 0.851491 0.216024 0.477804 22.856361 0.000000 0.000000 0.000000 1.000000
0.494866 -0.013772 -0.868860 8.468236 -0.178193 0.977018 -0.116977 92.145638 0.850503 0.212713 0.481039 22.790188 0.000000 0.000000 0.000000 1.000000
0.497184 -0.015304 -0.867510 8.433665 -0.173722 0.977842 -0.116813 91.922722 0.850076 0.208783 0.483509 22.734449 0.000000 0.000000 0.000000 1.000000
0.498088 -0.015450 -0.866989 8.371308 -0.171744 0.978276 -0.116100 91.817772 0.849949 0.206728 0.484614 22.766258 0.000000 0.000000 0.000000 1.000000
0.497155 -0.014440 -0.867541 8.342039 -0.172089 0.978357 -0.114903 91.813148 0.850425 0.206419 0.483910 22.851580 0.000000 0.000000 0.000000 1.000000
0.494748 -0.013254 -0.868935 8.364647 -0.173455 0.978258 -0.113682 91.886475 0.851550 0.206965 0.481693 22.977997 0.000000 0.000000 0.000000 1.000000
0.490680 -0.013958 -0.871228 8.402658 -0.173794 0.978213 -0.113554 91.915215 0.853831 0.207133 0.477564 23.061176 0.000000 0.000000 0.000000 1.000000
0.485191 -0.015962 -0.874263 8.451017 -0.174276 0.978008 -0.114574 91.966461 0.856865 0.207954 0.471739 23.113398 0.000000 0.000000 0.000000 1.000000
0.478174 -0.017492 -0.878091 8.499730 -0.176547 0.977479 -0.115612 92.091095 0.860338 0.210307 0.464316 23.147383 0.000000 0.000000 0.000000 1.000000
0.472633 -0.018513 -0.881065 8.538519 -0.179084 0.976901 -0.116594 92.237076 0.862871 0.212891 0.458400 23.133844 0.000000 0.000000 0.000000 1.000000
0.469122 -0.018651 -0.882936 8.553132 -0.181668 0.976357 -0.117148 92.397339 0.864246 0.215358 0.454642 23.064724 0.000000 0.000000 0.000000 1.000000
0.468127 -0.018017 -0.883478 8.537690 -0.184194 0.975841 -0.117499 92.562836 0.864251 0.217736 0.453499 22.956848 0.000000 0.000000 0.000000 1.000000
0.468568 -0.018687 -0.883230 8.510254 -0.185360 0.975442 -0.118974 92.679070 0.863762 0.219463 0.453597 22.793991 0.000000 0.000000 0.000000 1.000000
0.468185 -0.020097 -0.883402 8.483376 -0.185762 0.975161 -0.120635 92.778030 0.863884 0.220582 0.452823 22.589680 0.000000 0.000000 0.000000 1.000000
0.467922 -0.021792 -0.883501 8.450038 -0.185822 0.974922 -0.122463 92.866562 0.864014 0.221477 0.452138 22.365158 0.000000 0.000000 0.000000 1.000000
0.468192 -0.023387 -0.883317 8.404512 -0.185710 0.974719 -0.124240 92.952309 0.863891 0.222209 0.452012 22.099991 0.000000 0.000000 0.000000 1.000000
0.468717 -0.025551 -0.882979 8.354572 -0.184646 0.974666 -0.126221 93.029587 0.863835 0.222200 0.452125 21.805737 0.000000 0.000000 0.000000 1.000000
0.469137 -0.027899 -0.882684 8.298485 -0.183256 0.974670 -0.128204 93.079483 0.863903 0.221902 0.452141 21.476650 0.000000 0.000000 0.000000 1.000000
0.470113 -0.029714 -0.882106 8.207231 -0.181570 0.974800 -0.129604 93.101425 0.863728 0.221093 0.452871 21.115047 0.000000 0.000000 0.000000 1.000000
0.471075 -0.031838 -0.881518 8.107656 -0.179522 0.974973 -0.131149 93.104805 0.863632 0.220033 0.453570 20.756088 0.000000 0.000000 0.000000 1.000000
0.472349 -0.034167 -0.880749 7.985345 -0.177152 0.975178 -0.132837 93.079437 0.863425 0.218772 0.454572 20.371572 0.000000 0.000000 0.000000 1.000000
0.473718 -0.036281 -0.879929 7.844294 -0.174146 0.975563 -0.133977 93.045265 0.863287 0.216704 0.455824 19.982605 0.000000 0.000000 0.000000 1.000000
0.475178 -0.038591 -0.879043 7.676102 -0.170514 0.976060 -0.135023 93.010452 0.863210 0.214050 0.457222 19.567192 0.000000 0.000000 0.000000 1.000000
0.477146 -0.041248 -0.877855 7.481899 -0.166429 0.976581 -0.136347 92.981186 0.862921 0.211158 0.459107 19.110271 0.000000 0.000000 0.000000 1.000000
0.479926 -0.044346 -0.876187 7.282033 -0.162468 0.976954 -0.138437 92.960892 0.862134 0.208793 0.461661 18.639080 0.000000 0.000000 0.000000 1.000000
0.484086 -0.047392 -0.873736 7.058105 -0.158580 0.977246 -0.140866 92.938782 0.860531 0.206749 0.465556 18.124323 0.000000 0.000000 0.000000 1.000000
0.488889 -0.050067 -0.870908 6.844059 -0.155193 0.977434 -0.143310 92.930542 0.858430 0.205221 0.470087 17.618341 0.000000 0.000000 0.000000 1.000000
0.494557 -0.052602 -0.867552 6.621226 -0.151519 0.977664 -0.145653 92.885811 0.855836 0.203484 0.475541 17.066687 0.000000 0.000000 0.000000 1.000000
0.500670 -0.054675 -0.863910 6.392421 -0.148054 0.977889 -0.147691 92.831650 0.852883 0.201850 0.481505 16.500511 0.000000 0.000000 0.000000 1.000000
0.506671 -0.056889 -0.860260 6.158004 -0.144226 0.978166 -0.149631 92.753525 0.849990 0.199885 0.487404 15.910869 0.000000 0.000000 0.000000 1.000000
0.512675 -0.058999 -0.856553 5.881576 -0.139410 0.978677 -0.150853 92.640182 0.847189 0.196750 0.493518 15.253935 0.000000 0.000000 0.000000 1.000000
0.518837 -0.062373 -0.852595 5.626140 -0.133464 0.979195 -0.152852 92.513046 0.844391 0.193096 0.499718 14.599440 0.000000 0.000000 0.000000 1.000000
0.525838 -0.065553 -0.848055 5.316447 -0.126280 0.979960 -0.154050 92.361176 0.841158 0.188098 0.507023 13.879005 0.000000 0.000000 0.000000 1.000000
0.533670 -0.068629 -0.842903 4.987723 -0.118452 0.980811 -0.154854 92.179543 0.837356 0.182485 0.515300 13.120043 0.000000 0.000000 0.000000 1.000000
0.541557 -0.071183 -0.837645 4.636244 -0.109884 0.981866 -0.154481 91.962669 0.833451 0.175704 0.523915 12.317351 0.000000 0.000000 0.000000 1.000000
0.551383 -0.072686 -0.831080 4.230514 -0.100458 0.983163 -0.152637 91.691948 0.828182 0.167650 0.534798 11.432821 0.000000 0.000000 0.000000 1.000000
0.561931 -0.073647 -0.823899 3.819949 -0.091131 0.984454 -0.150154 91.444847 0.822149 0.159459 0.546484 10.574051 0.000000 0.000000 0.000000 1.000000
0.574771 -0.073293 -0.815025 3.363011 -0.080815 0.986028 -0.145663 91.139191 0.814314 0.149589 0.560817 9.647187 0.000000 0.000000 0.000000 1.000000
0.588986 -0.072014 -0.804928 2.879177 -0.071079 0.987546 -0.140362 90.853111 0.805011 0.139885 0.576532 8.754097 0.000000 0.000000 0.000000 1.000000
0.603359 -0.070077 -0.794385 2.384640 -0.062805 0.988862 -0.134935 90.611153 0.794993 0.131306 0.592237 7.886024 0.000000 0.000000 0.000000 1.000000
0.617069 -0.068274 -0.783942 1.884414 -0.055285 0.990006 -0.129737 90.391769 0.784965 0.123397 0.607127 7.031322 0.000000 0.000000 0.000000 1.000000
0.626887 -0.068272 -0.776113 1.446872 -0.048104 0.990861 -0.126017 90.196175 0.777624 0.116333 0.617874 6.225764 0.000000 0.000000 0.000000 1.000000
0.634884 -0.068058 -0.769604 1.005101 -0.040264 0.991844 -0.120927 90.048187 0.771558 0.107762 0.626966 5.435462 0.000000 0.000000 0.000000 1.000000
0.639375 -0.068052 -0.765878 0.608212 -0.032783 0.992757 -0.115579 89.970512 0.768196 0.099006 0.632513 4.729145 0.000000 0.000000 0.000000 1.000000
0.641592 -0.068585 -0.763974 0.230516 -0.025616 0.993523 -0.110705 89.947243 0.766619 0.090597 0.635679 4.065992 0.000000 0.000000 0.000000 1.000000
0.642931 -0.068697 -0.762837 -0.115027 -0.018917 0.994242 -0.105479 89.977234 0.765691 0.082246 0.637929 3.461675 0.000000 0.000000 0.000000 1.000000
0.643551 -0.068479 -0.762334 -0.439887 -0.012066 0.994958 -0.099561 90.070206 0.765308 0.073271 0.639480 2.946179 0.000000 0.000000 0.000000 1.000000
0.644669 -0.067756 -0.761453 -0.767548 -0.004328 0.995725 -0.092266 90.201843 0.764450 0.062777 0.641620 2.490546 0.000000 0.000000 0.000000 1.000000
0.646080 -0.067746 -0.760257 -1.064138 0.003027 0.996273 -0.086205 90.344795 0.763263 0.053394 0.643877 2.101094 0.000000 0.000000 0.000000 1.000000
0.647824 -0.068596 -0.758695 -1.350988 0.009825 0.996607 -0.081717 90.474136 0.761727 0.045485 0.646300 1.744467 0.000000 0.000000 0.000000 1.000000
0.648839 -0.067743 -0.757904 -1.608981 0.016177 0.997032 -0.075268 90.600815 0.760754 0.036576 0.648009 1.448311 0.000000 0.000000 0.000000 1.000000
0.652243 -0.066406 -0.755095 -1.859471 0.022555 0.997414 -0.068234 90.690651 0.757674 0.027474 0.652055 1.204665 0.000000 0.000000 0.000000 1.000000
0.654601 -0.065546 -0.753128 -2.073402 0.028773 0.997672 -0.061820 90.781158 0.755427 0.018798 0.654963 1.010033 0.000000 0.000000 0.000000 1.000000
0.657190 -0.065271 -0.750894 -2.256832 0.034433 0.997803 -0.056597 90.848419 0.752938 0.011340 0.657993 0.867754 0.000000 0.000000 0.000000 1.000000
0.659618 -0.064956 -0.748789 -2.422736 0.039428 0.997877 -0.051831 90.891983 0.750566 0.004666 0.660779 0.752421 0.000000 0.000000 0.000000 1.000000
0.662991 -0.063802 -0.745903 -2.576804 0.043414 0.997962 -0.046774 90.909370 0.747367 -0.001372 0.664410 0.666473 0.000000 0.000000 0.000000 1.000000
0.666625 -0.062058 -0.742806 -2.713290 0.046425 0.998050 -0.041718 90.905853 0.743946 -0.006675 0.668206 0.612352 0.000000 0.000000 0.000000 1.000000
0.669893 -0.059985 -0.740031 -2.823874 0.048836 0.998132 -0.036698 90.881386 0.740850 -0.011556 0.671571 0.582579 0.000000 0.000000 0.000000 1.000000
0.672354 -0.058193 -0.737939 -2.898963 0.050671 0.998185 -0.032548 90.838898 0.738493 -0.015508 0.674083 0.578541 0.000000 0.000000 0.000000 1.000000
0.674225 -0.056080 -0.736394 -2.941716 0.051318 0.998260 -0.029037 90.777786 0.736741 -0.018213 0.675929 0.598058 0.000000 0.000000 0.000000 1.000000
0.676032 -0.053698 -0.734913 -2.956023 0.051412 0.998348 -0.025654 90.703789 0.735076 -0.020440 0.677676 0.634750 0.000000 0.000000 0.000000 1.000000
0.677874 -0.051127 -0.733398 -2.965424 0.051275 0.998438 -0.022210 90.604828 0.733388 -0.022549 0.679437 0.688633 0.000000 0.000000 0.000000 1.000000
0.679743 -0.048370 -0.731854 -2.989093 0.050902 0.998528 -0.018718 90.471420 0.731682 -0.024529 0.681204 0.755667 0.000000 0.000000 0.000000 1.000000
0.681633 -0.045418 -0.730284 -3.024091 0.050271 0.998620 -0.015185 90.294632 0.729966 -0.026361 0.682975 0.825922 0.000000 0.000000 0.000000 1.000000
0.683540 -0.042279 -0.728688 -3.048164 0.049388 0.998712 -0.011619 90.050171 0.728241 -0.028046 0.684747 0.910933 0.000000 0.000000 0.000000 1.000000
0.685478 -0.038976 -0.727049 -3.066025 0.048284 0.998801 -0.008022 89.741714 0.726491 -0.029606 0.686538 1.008340 0.000000 0.000000 0.000000 1.000000
0.687429 -0.035529 -0.725382 -3.074172 0.046977 0.998886 -0.004406 89.382553 0.724730 -0.031047 0.688333 1.122621 0.000000 0.000000 0.000000 1.000000
0.689382 -0.031996 -0.723691 -3.051557 0.045545 0.998962 -0.000780 88.971092 0.722965 -0.032422 0.690123 1.233280 0.000000 0.000000 0.000000 1.000000
0.691331 -0.028427 -0.721979 -2.994985 0.044054 0.999025 0.002849 88.604149 0.721194 -0.033776 0.691909 1.338627 0.000000 0.000000 0.000000 1.000000
0.693272 -0.024846 -0.720247 -2.921960 0.042531 0.999074 0.006473 88.317749 0.719419 -0.035121 0.693687 1.441803 0.000000 0.000000 0.000000 1.000000
0.695194 -0.021283 -0.718507 -2.834274 0.041010 0.999108 0.010085 88.040436 0.717651 -0.036477 0.695447 1.539144 0.000000 0.000000 0.000000 1.000000
0.697090 -0.017684 -0.716765 -2.752772 0.039585 0.999120 0.013849 87.777771 0.715890 -0.038027 0.697177 1.608304 0.000000 0.000000 0.000000 1.000000
0.698966 -0.014097 -0.715016 -2.654213 0.038110 0.999119 0.017556 87.569725 0.714139 -0.039520 0.698888 1.645758 0.000000 0.000000 0.000000 1.000000
0.700825 -0.010509 -0.713256 -2.535692 0.036478 0.999111 0.021122 87.447357 0.712400 -0.040821 0.700586 1.676193 0.000000 0.000000 0.000000 1.000000
0.702658 -0.006930 -0.711494 -2.408544 0.034805 0.999090 0.024642 87.445503 0.710676 -0.042079 0.702260 1.752555 0.000000 0.000000 0.000000 1.000000
0.704461 -0.003399 -0.709735 -2.296913 0.033145 0.999055 0.028114 87.539642 0.708968 -0.043329 0.703908 1.768416 0.000000 0.000000 0.000000 1.000000
0.706232 0.000114 -0.707980 -2.194422 0.031446 0.999008 0.031530 87.723450 0.707282 -0.044530 0.705528 1.756775 0.000000 0.000000 0.000000 1.000000
0.707967 0.003618 -0.706236 -2.026788 0.029693 0.998950 0.034883 87.978928 0.705621 -0.045666 0.707116 1.761001 0.000000 0.000000 0.000000 1.000000
0.709654 0.007082 -0.704514 -1.853131 0.027913 0.998882 0.038157 88.247375 0.703997 -0.046743 0.708663 1.749111 0.000000 0.000000 0.000000 1.000000
0.711293 0.010510 -0.702817 -1.675115 0.026100 0.998804 0.041352 88.495621 0.702410 -0.047757 0.710168 1.726117 0.000000 0.000000 0.000000 1.000000
0.712874 0.013856 -0.701155 -1.518649 0.024318 0.998715 0.044461 88.642555 0.700870 -0.048746 0.711621 1.669800 0.000000 0.000000 0.000000 1.000000
0.714400 0.017164 -0.699527 -1.405241 0.022498 0.998619 0.047479 88.721832 0.699376 -0.049657 0.713027 1.638036 0.000000 0.000000 0.000000 1.000000
0.715863 0.020390 -0.697943 -1.289975 0.020688 0.998515 0.050391 88.770821 0.697934 -0.050512 0.714379 1.639972 0.000000 0.000000 0.000000 1.000000
0.717263 0.023514 -0.696406 -1.212025 0.018911 0.998405 0.053189 88.797394 0.696546 -0.051321 0.715674 1.624530 0.000000 0.000000 0.000000 1.000000
0.718598 0.026539 -0.694919 -1.116505 0.017165 0.998290 0.055875 88.811127 0.695213 -0.052079 0.716914 1.579859 0.000000 0.000000 0.000000 1.000000
0.719867 0.029442 -0.693487 -1.000844 0.015476 0.998171 0.058441 88.819893 0.693939 -0.052802 0.718095 1.520266 0.000000 0.000000 0.000000 1.000000
0.721064 0.032185 -0.692120 -0.940073 0.013888 0.998049 0.060879 88.823158 0.692729 -0.053510 0.719210 1.407192 0.000000 0.000000 0.000000 1.000000
0.722181 0.034786 -0.690829 -0.860430 0.012356 0.997926 0.063167 88.816917 0.691594 -0.054154 0.720253 1.337854 0.000000 0.000000 0.000000 1.000000
0.723223 0.037235 -0.689610 -0.772490 0.010907 0.997805 0.065314 88.806053 0.690528 -0.054759 0.721230 1.242383 0.000000 0.000000 0.000000 1.000000
0.724188 0.039493 -0.688471 -0.671700 0.009588 0.997686 0.067316 88.787376 0.689536 -0.055351 0.722133 1.119132 0.000000 0.000000 0.000000 1.000000
0.725072 0.041543 -0.687418 -0.586976 0.008417 0.997570 0.069165 88.761292 0.688621 -0.055936 0.722961 0.971211 0.000000 0.000000 0.000000 1.000000
0.725866 0.043364 -0.686468 -0.489395 0.007403 0.997460 0.070837 88.728554 0.687797 -0.056500 0.723701 0.825902 0.000000 0.000000 0.000000 1.000000
0.726573 0.044996 -0.685614 -0.421622 0.006492 0.997359 0.072336 88.691841 0.687058 -0.057009 0.724363 0.708670 0.000000 0.000000 0.000000 1.000000
0.727197 0.046441 -0.684856 -0.375300 0.005685 0.997267 0.073663 88.652328 0.686405 -0.057461 0.724946 0.597410 0.000000 0.000000 0.000000 1.000000
0.727737 0.047730 -0.684193 -0.337032 0.004932 0.997185 0.074812 88.612640 0.685838 -0.057818 0.725454 0.503462 0.000000 0.000000 0.000000 1.000000
0.728189 0.048863 -0.683633 -0.303110 0.004221 0.997117 0.075765 88.574463 0.685364 -0.058056 0.725883 0.424742 0.000000 0.000000 0.000000 1.000000
0.728542 0.049804 -0.683188 -0.273317 0.003584 0.997063 0.076507 88.537613 0.684992 -0.058187 0.726224 0.369063 0.000000 0.000000 0.000000 1.000000
0.728800 0.050520 -0.682860 -0.246403 0.003080 0.997022 0.077050 88.500870 0.684719 -0.058258 0.726475 0.312655 0.000000 0.000000 0.000000 1.000000
0.728959 0.050969 -0.682658 -0.221936 0.002761 0.996997 0.077387 88.462570 0.684552 -0.058297 0.726629 0.254120 0.000000 0.000000 0.000000 1.000000
0.729014 0.051104 -0.682588 -0.200136 0.002667 0.996989 0.077491 88.420853 0.684493 -0.058313 0.726683 0.206418 0.000000 0.000000 0.000000 1.000000</float_array><technique_common><accessor source="#Hips-Matrix-animation-output-transform-array" count="168" stride="16"><param type="float4x4"/></accessor></technique_common></source><source id="Hips-Interpolations"><Name_array id="Hips-Interpolations-array" count="168">
 LINEAR LINEAR LINEAR LINEAR LINEAR LINEAR LINEAR LINEAR LINEAR LINEAR LINEAR
LINEAR LINEAR LINEAR LINEAR LINEAR LINEAR LINEAR LINEAR LINEAR LINEAR LINEAR LINEAR
LINEAR LINEAR LINEAR LINEAR LINEAR LINEAR LINEAR LINEAR LINEAR LINEAR LINEAR LINEAR
LINEAR LINEAR LINEAR LINEAR LINEAR LINEAR LINEAR LINEAR LINEAR LINEAR LINEAR LINEAR
LINEAR LINEAR LINEAR LINEAR LINEAR LINEAR LINEAR LINEAR LINEAR LINEAR LINEAR LINEAR
LINEAR LINEAR LINEAR LINEAR LINEAR LINEAR LINEAR LINEAR LINEAR LINEAR LINEAR LINEAR
LINEAR LINEAR LINEAR LINEAR LINEAR LINEAR LINEAR LINEAR LINEAR LINEAR LINEAR LINEAR
LINEAR LINEAR LINEAR LINEAR LINEAR LINEAR LINEAR LINEAR LINEAR LINEAR LINEAR LINEAR
LINEAR LINEAR LINEAR LINEAR LINEAR LINEAR LINEAR LINEAR LINEAR LINEAR LINEAR LINEAR
LINEAR LINEAR LINEAR LINEAR LINEAR LINEAR LINEAR LINEAR LINEAR LINEAR LINEAR LINEAR
LINEAR LINEAR LINEAR LINEAR LINEAR LINEAR LINEAR LINEAR LINEAR LINEAR LINEAR LINEAR
LINEAR LINEAR LINEAR LINEAR LINEAR LINEAR LINEAR LINEAR LINEAR LINEAR LINEAR LINEAR
LINEAR LINEAR LINEAR LINEAR LINEAR LINEAR LINEAR LINEAR LINEAR LINEAR LINEAR LINEAR
LINEAR LINEAR LINEAR LINEAR LINEAR LINEAR LINEAR LINEAR LINEAR LINEAR LINEAR LINEAR
LINEAR</Name_array><technique_common><accessor source="#Hips-Interpolations-array" count="168"><param type="name"/></accessor></technique_common></source><sampler id="Hips-Matrix-animation-transform"><input semantic="INPUT" source="#Hips-Matrix-animation-input"/><input semantic="OUTPUT" source="#Hips-Matrix-animation-output-transform"/><input semantic="INTERPOLATION" source="#Hips-Interpolations"/></sampler><channel source="#Hips-Matrix-animation-transform" target="Hips/matrix"/></animation>
    <animation id="Spine-anim" name="Spine"><source id="Spine-Matrix-animation-input"><float_array id="Spine-Matrix-animation-input-array" count="168">

0.000000 0.033333 0.066667 0.100000 0.133333 0.166667 0.200000 0.233333 0.266667 0.300000 0.333333 0.366667 0.400000 0.433333 0.466667 0.500000
0.533333 0.566667 0.600000 0.633333 0.666667 0.700000 0.733333 0.766667 0.800000 0.833333 0.866667 0.900000 0.933333 0.966667 1.000000 1.033333
1.066667 1.100000 1.133333 1.166667 1.200000 1.233333 1.266667 1.300000 1.333333 1.366667 1.400000 1.433333 1.466667 1.500000 1.533333 1.566667
1.600000 1.633333 1.666667 1.700000 1.733333 1.766667 1.800000 1.833333 1.866667 1.900000 1.933333 1.966667 2.000000 2.033333 2.066667 2.100000
2.133333 2.166667 2.200000 2.233333 2.266667 2.300000 2.333333 2.366667 2.400000 2.433333 2.466667 2.500000 2.533333 2.566667 2.600000 2.633333
2.666667 2.700000 2.733333 2.766667 2.800000 2.833333 2.866667 2.900000 2.933333 2.966667 3.000000 3.033333 3.066667 3.100000 3.133333 3.166667
3.200000 3.233333 3.266667 3.300000 3.333333 3.366667 3.400000 3.433333 3.466667 3.500000 3.533333 3.566667 3.600000 3.633333 3.666667 3.700000
3.733333 3.766667 3.800000 3.833333 3.866667 3.900000 3.933333 3.966667 4.000000 4.033333 4.066667 4.100000 4.133333 4.166667 4.200000 4.233333
4.266667 4.300000 4.333333 4.366667 4.400000 4.433333 4.466667 4.500000 4.533333 4.566667 4.600000 4.633333 4.666667 4.700000 4.733333 4.766667
4.800000 4.833333 4.866667 4.900000 4.933333 4.966667 5.000000 5.033333 5.066667 5.100000 5.133333 5.166667 5.200000 5.233333 5.266667 5.300000
5.333333 5.366667 5.400000 5.433333 5.466667 5.500000 5.533333 5.566667</float_array><technique_common><accessor source="#Spine-Matrix-animation-input-array" count="168"><param name="TIME" type="float"/></accessor></technique_common></source><source id="Spine-Matrix-animation-output-transform"><float_array id="Spine-Matrix-animation-output-transform-array" count="2688">

0.996457 0.022743 0.080972 0.017300 -0.014575 0.994873 -0.100072 10.574800 -0.082833 0.098537 0.991680 -1.117200 0.000000 0.000000 0.000000 1.000000
0.996456 0.022535 0.081038 0.017300 -0.014315 0.994821 -0.100626 10.574800 -0.082886 0.099109 0.991618 -1.117200 0.000000 0.000000 0.000000 1.000000
0.996455 0.022463 0.081078 0.017300 -0.014199 0.994774 -0.101109 10.574800 -0.082926 0.099599 0.991566 -1.117200 0.000000 0.000000 0.000000 1.000000
0.996455 0.022347 0.081107 0.017300 -0.014062 0.994755 -0.101313 10.574800 -0.082945 0.099813 0.991543 -1.117200 0.000000 0.000000 0.000000 1.000000
0.996457 0.022177 0.081129 0.017300 -0.013887 0.994753 -0.101358 10.574800 -0.082951 0.099872 0.991536 -1.117200 0.000000 0.000000 0.000000 1.000000
0.996460 0.021991 0.081147 0.017300 -0.013706 0.994764 -0.101275 10.574800 -0.082949 0.099804 0.991544 -1.117200 0.000000 0.000000 0.000000 1.000000
0.996461 0.021814 0.081175 0.017300 -0.013534 0.994775 -0.101188 10.574800 -0.082958 0.099731 0.991550 -1.117200 0.000000 0.000000 0.000000 1.000000
0.996463 0.021748 0.081174 0.017300 -0.013463 0.994769 -0.101257 10.574800 -0.082952 0.099806 0.991543 -1.117200 0.000000 0.000000 0.000000 1.000000
0.996462 0.021873 0.081149 0.017300 -0.013585 0.994762 -0.101316 10.574800 -0.082940 0.099855 0.991539 -1.117200 0.000000 0.000000 0.000000 1.000000
0.996462 0.021973 0.081125 0.017300 -0.013687 0.994759 -0.101324 10.574800 -0.082927 0.099856 0.991540 -1.117200 0.000000 0.000000 0.000000 1.000000
0.996464 0.021951 0.081107 0.017300 -0.013665 0.994759 -0.101332 10.574800 -0.082907 0.099866 0.991541 -1.117200 0.000000 0.000000 0.000000 1.000000
0.996497 0.021596 0.080794 0.017300 -0.013332 0.994750 -0.101458 10.574800 -0.082561 0.100026 0.991554 -1.117200 0.000000 0.000000 0.000000 1.000000
0.996537 0.021252 0.080390 0.017300 -0.013018 0.994740 -0.101601 10.574800 -0.082126 0.100202 0.991572 -1.117200 0.000000 0.000000 0.000000 1.000000
0.996575 0.020868 0.080021 0.017300 -0.012652 0.994720 -0.101841 10.574800 -0.081723 0.100480 0.991577 -1.117200 0.000000 0.000000 0.000000 1.000000
0.996608 0.020401 0.079721 0.017300 -0.012186 0.994689 -0.102206 10.574800 -0.081383 0.100888 0.991564 -1.117200 0.000000 0.000000 0.000000 1.000000
0.996608 0.019951 0.079842 0.017300 -0.011688 0.994649 -0.102647 10.574800 -0.081463 0.101366 0.991508 -1.117200 0.000000 0.000000 0.000000 1.000000
0.996584 0.019504 0.080250 0.017300 -0.011170 0.994618 -0.103011 10.574800 -0.081827 0.101762 0.991438 -1.117200 0.000000 0.000000 0.000000 1.000000
0.996564 0.019190 0.080572 0.017300 -0.010784 0.994572 -0.103489 10.574800 -0.082121 0.102264 0.991362 -1.117200 0.000000 0.000000 0.000000 1.000000
0.996570 0.019134 0.080513 0.017300 -0.010687 0.994513 -0.104069 10.574800 -0.082063 0.102852 0.991306 -1.117200 0.000000 0.000000 0.000000 1.000000
0.996572 0.019275 0.080449 0.017300 -0.010796 0.994464 -0.104524 10.574800 -0.082019 0.103298 0.991263 -1.117200 0.000000 0.000000 0.000000 1.000000
0.996566 0.019618 0.080441 0.017300 -0.011087 0.994393 -0.105165 10.574800 -0.082053 0.103912 0.991196 -1.117200 0.000000 0.000000 0.000000 1.000000
0.996565 0.020039 0.080349 0.017300 -0.011464 0.994322 -0.105796 10.574800 -0.082013 0.104512 0.991136 -1.117200 0.000000 0.000000 0.000000 1.000000
0.996549 0.020640 0.080400 0.017300 -0.011994 0.994233 -0.106569 10.574800 -0.082136 0.105237 0.991049 -1.117200 0.000000 0.000000 0.000000 1.000000
0.996533 0.021472 0.080381 0.017300 -0.012773 0.994155 -0.107206 10.574800 -0.082214 0.105808 0.990982 -1.117200 0.000000 0.000000 0.000000 1.000000
0.996503 0.022415 0.080496 0.017300 -0.013636 0.994058 -0.107995 10.574800 -0.082438 0.106520 0.990887 -1.117200 0.000000 0.000000 0.000000 1.000000
0.996451 0.023470 0.080836 0.017300 -0.014591 0.993965 -0.108725 10.574800 -0.082900 0.107160 0.990780 -1.117200 0.000000 0.000000 0.000000 1.000000
0.996433 0.024532 0.080744 0.017300 -0.015580 0.993845 -0.109680 10.574800 -0.082938 0.108030 0.990682 -1.117200 0.000000 0.000000 0.000000 1.000000
0.996349 0.026346 0.081209 0.017300 -0.017241 0.993689 -0.110840 10.574800 -0.083617 0.109035 0.990515 -1.117200 0.000000 0.000000 0.000000 1.000000
0.996391 0.027701 0.080234 0.017300 -0.018600 0.993530 -0.112036 10.574800 -0.082819 0.110139 0.990460 -1.117200 0.000000 0.000000 0.000000 1.000000
0.996373 0.029416 0.079843 0.017300 -0.020329 0.993463 -0.112330 10.574800 -0.082625 0.110300 0.990458 -1.117200 0.000000 0.000000 0.000000 1.000000
0.996372 0.031065 0.079237 0.017300 -0.022064 0.993459 -0.112041 10.574800 -0.082199 0.109886 0.990539 -1.117200 0.000000 0.000000 0.000000 1.000000
0.996393 0.032350 0.078453 0.017300 -0.023434 0.993431 -0.112009 10.574800 -0.081561 0.109766 0.990605 -1.117200 0.000000 0.000000 0.000000 1.000000
0.996420 0.033631 0.077566 0.017300 -0.024778 0.993353 -0.112407 10.574800 -0.080831 0.110083 0.990630 -1.117200 0.000000 0.000000 0.000000 1.000000
0.996490 0.034674 0.076197 0.017300 -0.025901 0.993229 -0.113245 10.574800 -0.079607 0.110873 0.990641 -1.117200 0.000000 0.000000 0.000000 1.000000
0.996596 0.035455 0.074433 0.017300 -0.026838 0.993149 -0.113730 10.574800 -0.077956 0.111345 0.990720 -1.117200 0.000000 0.000000 0.000000 1.000000
0.996717 0.035973 0.072540 0.017300 -0.027523 0.993065 -0.114296 10.574800 -0.076149 0.111924 0.990795 -1.117200 0.000000 0.000000 0.000000 1.000000
0.996845 0.036252 0.070615 0.017300 -0.027978 0.992992 -0.114824 10.574800 -0.074283 0.112486 0.990873 -1.117200 0.000000 0.000000 0.000000 1.000000
0.996924 0.036490 0.069367 0.017300 -0.028317 0.992920 -0.115365 10.574800 -0.073086 0.113045 0.990898 -1.117200 0.000000 0.000000 0.000000 1.000000
0.996970 0.036832 0.068520 0.017300 -0.028727 0.992865 -0.115735 10.574800 -0.072293 0.113416 0.990914 -1.117200 0.000000 0.000000 0.000000 1.000000
0.996989 0.037307 0.067973 0.017300 -0.029223 0.992789 -0.116258 10.574800 -0.071820 0.113921 0.990890 -1.117200 0.000000 0.000000 0.000000 1.000000
0.997019 0.037807 0.067262 0.017300 -0.029762 0.992706 -0.116826 10.574800 -0.071188 0.114476 0.990872 -1.117200 0.000000 0.000000 0.000000 1.000000
0.997034 0.038330 0.066741 0.017300 -0.030325 0.992661 -0.117066 10.574800 -0.070738 0.114695 0.990879 -1.117200 0.000000 0.000000 0.000000 1.000000
0.997057 0.038531 0.066277 0.017300 -0.030572 0.992640 -0.117180 10.574800 -0.070305 0.114809 0.990897 -1.117200 0.000000 0.000000 0.000000 1.000000
0.997070 0.038806 0.065925 0.017300 -0.030875 0.992614 -0.117322 10.574800 -0.069991 0.114943 0.990903 -1.117200 0.000000 0.000000 0.000000 1.000000
0.997050 0.039569 0.065772 0.017300 -0.031647 0.992580 -0.117404 10.574800 -0.069929 0.114977 0.990904 -1.117200 0.000000 0.000000 0.000000 1.000000
0.997019 0.040367 0.065760 0.017300 -0.032437 0.992546 -0.117474 10.574800 -0.070012 0.114991 0.990896 -1.117200 0.000000 0.000000 0.000000 1.000000
0.996999 0.040786 0.065795 0.017300 -0.032859 0.992546 -0.117355 10.574800 -0.070091 0.114841 0.990908 -1.117200 0.000000 0.000000 0.000000 1.000000
0.997011 0.040451 0.065819 0.017300 -0.032543 0.992590 -0.117074 10.574800 -0.070067 0.114582 0.990940 -1.117200 0.000000 0.000000 0.000000 1.000000
0.997028 0.040036 0.065827 0.017300 -0.032137 0.992616 -0.116963 10.574800 -0.070024 0.114500 0.990952 -1.117200 0.000000 0.000000 0.000000 1.000000
0.997035 0.039847 0.065826 0.017300 -0.031955 0.992632 -0.116876 10.574800 -0.069999 0.114426 0.990963 -1.117200 0.000000 0.000000 0.000000 1.000000
0.997058 0.039526 0.065674 0.017300 -0.031659 0.992652 -0.116788 10.574800 -0.069808 0.114366 0.990983 -1.117200 0.000000 0.000000 0.000000 1.000000
0.997101 0.039204 0.065210 0.017300 -0.031409 0.992689 -0.116542 10.574800 -0.069302 0.114156 0.991043 -1.117200 0.000000 0.000000 0.000000 1.000000
0.997155 0.038311 0.064920 0.017300 -0.030576 0.992753 -0.116221 10.574800 -0.068902 0.113905 0.991099 -1.117200 0.000000 0.000000 0.000000 1.000000
0.997190 0.037462 0.064877 0.017300 -0.029742 0.992790 -0.116117 10.574800 -0.068759 0.113861 0.991114 -1.117200 0.000000 0.000000 0.000000 1.000000
0.997180 0.037244 0.065160 0.017300 -0.029478 0.992773 -0.116328 10.574800 -0.069021 0.114079 0.991071 -1.117200 0.000000 0.000000 0.000000 1.000000
0.997147 0.036764 0.065932 0.017300 -0.028932 0.992823 -0.116041 10.574800 -0.069724 0.113802 0.991054 -1.117200 0.000000 0.000000 0.000000 1.000000
0.997099 0.036416 0.066843 0.017300 -0.028501 0.992867 -0.115772 10.574800 -0.070582 0.113531 0.991024 -1.117200 0.000000 0.000000 0.000000 1.000000
0.997022 0.036607 0.067881 0.017300 -0.028601 0.992911 -0.115370 10.574800 -0.071624 0.113085 0.991000 -1.117200 0.000000 0.000000 0.000000 1.000000
